
30 29.95020 4.85306 0.17872 0.01821
60 60.64570 6.91947 0.37619 0.02580
90 90.16920 8.38995 0.57794 0.03198
120 121.58010 9.75784 0.78039 0.03701
150 150.17910 10.83711 0.98489 0.04115
180 180.22810 11.90338 1.18946 0.04471
210 209.65320 12.83614 1.39500 0.04822
240 237.54710 13.63823 1.60146 0.05157
270 269.34640 14.51445 1.80741 0.05507
300 300.59650 15.35417 2.01361 0.05797
330 331.67520 16.11537 2.22037 0.06107
360 358.97730 16.76467 2.42790 0.06347
390 392.66970 17.53788 2.63458 0.06643
420 419.98230 18.17460 2.84219 0.06819
450 450.87280 18.79700 3.04994 0.07108
480 481.61580 19.44951 3.25746 0.07322
510 517.13400 20.16861 3.46451 0.07583
540 541.71770 20.63251 3.67336 0.07759
570 569.02000 21.11617 3.88208 0.07981
600 594.13900 21.57804 4.09095 0.08145