
30 30.21940 4.86433 0.17866 0.01844
60 59.98590 6.88928 0.37639 0.02552
90 90.19850 8.43362 0.57760 0.03148
120 119.85720 9.70579 0.78074 0.03646
150 150.22190 10.88918 0.98449 0.04056
180 179.78730 11.91864 1.18934 0.04428
210 209.74500 12.84754 1.39491 0.04813
240 239.92760 13.72958 1.60082 0.05162
270 269.51180 14.52649 1.80733 0.05500
300 300.64820 15.33243 2.01377 0.05825
330 328.88210 16.01575 2.22107 0.06111
360 359.99460 16.75288 2.42800 0.06401
390 387.99060 17.39605 2.63558 0.06635
420 419.42540 18.08807 2.84283 0.06902
450 449.68350 18.76620 3.05016 0.07103
480 477.91150 19.34457 3.25820 0.07320
510 501.24660 19.78194 3.46724 0.07518
540 539.09320 20.56647 3.67383 0.07753
570 568.93710 21.14848 3.88185 0.07940
600 598.44130 21.67554 4.09026 0.08160