5 9.086233 300.080160 2.595547 2.477753 0.015644 0.003014
10 24.644956 48819.613680 4.340250 3.586027 0.056539 0.006458
15 45.014693 7153153.344720 6.016565 4.554907 0.134526 0.011143
20 69.202171 1004906761.187760 7.469296 5.238567 0.272612 0.018214
25 96.933599 137923522708.708069 8.921204 5.946987 0.511001 0.028762
30 125.959488 18883419564023.007812 10.163888 6.479647 0.897728 0.044487
35 160.068078 2521589872989585.500000 11.538801 7.097247 1.525384 0.066642
40 194.917722 341495314227732416.000000 12.695570 7.524387 2.541230 0.100564
45 238.862147 46481186583066443776.000000 14.169492 8.088620 3.960701 0.143059
50 270.559512 6272833083565254115328.000000 14.938962 8.484540 6.582962 0.220141
55 336.041742 854413469031335314063360.000000 16.900181 8.950820 9.761982 0.289546
60 374.974359 102869210747857992826224640.000000 17.772894 9.320607 15.869584 0.457463
65 412.521127 13002216066174314133778857984.000000 18.823944 9.720487 24.043337 0.636614
70 496.315789 1691020607817656346434810675200.000000 20.460526 10.047100 39.698241 0.967061
75 522.283019 286561242211626269785845619752960.000000 21.075472 10.490273 51.871168 1.242375
