10 24.635736 55737 4.338608 3.587967 0.072909 0.008357
12 32.233047 45965 5.001153 3.964478 0.105952 0.010513
14 40.690817 37101 5.655373 4.309633 0.149135 0.013117
16 49.258584 30172 6.252320 4.631678 0.201976 0.016064
18 59.176344 24214 6.882423 4.942233 0.268682 0.019514
20 68.830142 19428 7.442917 5.225367 0.353730 0.023727
22 80.153677 15474 8.056482 5.496156 0.457511 0.028463
24 90.630395 12535 8.604148 5.784600 0.575574 0.033500
26 102.089828 9752 9.127974 6.005911 0.745302 0.040825
28 112.934835 7903 9.606099 6.247600 0.928314 0.048468
30 127.099402 6187 10.209633 6.469367 1.165454 0.057327
32 140.181109 4870 10.737577 6.699267 1.449013 0.067863
34 151.729884 3865 11.219405 6.927100 1.741060 0.078088
36 166.475722 3048 11.732940 7.135533 2.196409 0.093562
38 180.911497 2418 12.244830 7.338189 2.678050 0.109109
40 197.244608 1901 12.799579 7.537111 3.228687 0.128019
42 209.737427 1531 13.161332 7.729311 3.931257 0.151072
44 227.774846 1137 13.802111 7.925900 4.780281 0.175559
46 242.018293 984 14.241870 8.116656 5.531298 0.195825
48 251.627965 801 14.490637 8.293067 6.524727 0.227048
50 263.311304 575 14.907826 8.473111 8.004866 0.269522
52 293.787810 443 15.562077 8.633733 10.505754 0.335733
54 313.846995 366 16.218579 8.838022 11.854447 0.365444
56 343.657993 269 16.951673 8.990511 14.606993 0.437796
58 352.759494 237 17.202532 9.101633 16.179001 0.483120
60 385.666667 150 17.886667 9.309811 22.840696 0.643678
62 385.985294 136 17.882353 9.471256 25.284145 0.701632
64 464.194175 103 19.902913 9.594744 29.527284 0.734425
66 408.365385 104 18.692308 9.775000 28.266457 0.776122
68 426.032787 61 19.163934 9.946856 38.383316 1.003053
