10 23.182835 0.049796
12 30.700380 0.067212
14 38.833204 0.086680
16 47.506456 0.107545
18 56.705158 0.130631
20 66.573346 0.154373
22 76.466038 0.181072
24 87.751332 0.209376
26 98.417299 0.239101
28 110.809411 0.272171
30 121.973188 0.304565
32 134.831753 0.338836
34 147.939603 0.375416
36 163.233791 0.415991
38 176.663177 0.461980
40 187.723703 0.499275
42 204.012725 0.541579
44 222.905061 0.587653
46 237.034948 0.638532
48 252.968290 0.692969
50 272.948349 0.755831
52 286.859504 0.799412
54 304.501731 0.869670
56 313.699382 0.918140
58 343.241861 0.980477
60 360.350046 1.047434
62 373.931608 1.105321
64 392.604523 1.208806
66 407.990458 1.260724
68 440.569160 1.359066
70 442.070479 1.478587
72 460.442731 1.479627
74 506.912860 1.646039
76 498.823533 1.668310
78 535.926899 1.703589
