12 19.079502 0.056301 
14 24.637131 0.094554 
16 30.168047 0.136589 
18 36.208100 0.183806 
20 42.176947 0.237666 
22 48.362501 0.298644 
24 55.012598 0.366915 
26 61.783670 0.442881 
28 68.382640 -nan 
30 75.242639 -nan 
32 82.438118 -nan 
34 89.766919 0.322614 
36 97.271310 0.545536 
38 104.803556 -nan 
40 112.619967 0.408768 
42 121.011728 -nan 
44 128.542005 0.433320 
46 137.250559 -nan 
48 145.064194 -nan 
50 154.353329 0.490246 
52 162.490579 0.312134 
54 172.103223 0.123248 
56 181.557670 0.006744 
58 189.374750 0.298395 
60 198.453284 0.541102 
62 207.719150 -nan 
64 216.439286 -nan 
66 226.717232 0.687045 
68 235.799394 -nan 
70 245.177968 -nan 
72 256.091995 0.720950 
74 263.758342 0.555605 
76 273.965486 0.528066 
78 286.151757 0.643323 
80 297.472670 0.883387 
